A.1   -3, 0, 3

A.2    3, 0, -3

A.3   -5,-2, 7

A.4                                                                                           5
         3             5           -2                                 
     5        3        5      -2       -1                                  1 5     -1 3      3 5     -2      -1 -5                                                                                                   A.5                                       
                       2
         -2           -5           2                                 
      -2      2       -5        2      15                                  -2 -8    2 -3    -9 -5      2     1 15     

A.6                                                                       A.5    B.-1    C.No

A.7
   A.-2   B.5     C.Yes                                                                                                                                                     

